
-------------------------------[memory]-------------------------------

                          Pss         Shared         Shared        Private        Private           Swap        SwapPss           Heap           Heap           Heap 
                        Total          Clean          Dirty          Clean          Dirty          Total          Total           Size          Alloc           Free 
                       ( kB )         ( kB )         ( kB )         ( kB )         ( kB )         ( kB )         ( kB )         ( kB )         ( kB )         ( kB ) 
              ------------------------------------------------------------------------------------------------------------------------------------------------------
            GL          14872              0              0              0          14872              0              0              0              0              0 
         Graph          82248              0              0              0          82248              0              0              0              0              0 
   ark ts heap          22697           6536              0          22500              0              0              0              0              0              0 
         guard              0              0              0              0              0              0              0              0              0              0 
   native heap          42596          18580              0          41960              0          22908            696          78832          75421           5707 
          .hap           1048              0              0           1048              0              0              0              0              0              0 
AnonPage other          24386           1764              0          24324              0           4768            104              0              0              0 
         stack            856              0              0            856              0              0              0              0              0              0 
           .db             32              0              0              0             32              0              0              0              0              0 
           .so          16984          53600          11612          10660           2492          21164            449              0              0              0 
           dev             17              0            352             16              0              0              0              0              0              0 
          .ttf             32            496              0              0              0              0              0              0              0              0 
FilePage other           4448          10900            460              0             24           3832            111              0              0              0 
--------------------------------------------------------------------------------------------------------------------------------------------------------------------
         Total         211576          91876          12424         101364          99668          52672           1360          78832          75421           5707 

native heap:
  jemalloc meta:          1271            468              0           1256              0            176              6              0              0              0 
  jemalloc heap:         40012          12968              0          39508              0          22656            690              0              0              0 
       brk heap:          1277           5144              0           1160              0             76              0              0              0              0 
      musl heap:            36              0              0             36              0              0              0              0              0              0 

Purgeable:
        PurgSum:0 kB
        PurgPin:0 kB

DMA:
            Dma:82248 kB

Ashmem:
Total Ashmem:24 kB
